%YAML:1.0
---
Axis0.Can.ID: 0x010
Axis1.Can.ID: 0x020